0 8 1 1.15
0 16 1 4.74
0 24 1 0.15
0 27 3 4.66
0 37 3 2.23
0 43 1 0.33
0 47 4 3.89
0 64 3 2.29
0 71 1 0.14
0 76 3 3.74
0 88 2 0.50
0 94 4 3.54
0 95 3 2.75
0 98 3 1.79
0 100 1 4.57
0 111 2 1.10
0 117 2 2.36
0 118 1 1.69
0 121 2 3.45
0 124 4 4.41
0 125 1 2.21
0 129 4 4.05
0 130 1 2.08
0 134 2 4.46
0 142 4 0.10
1 0 4 4.79
1 4 4 0.68
1 18 1 1.81
1 27 4 4.29
1 31 3 0.14
1 32 1 1.24
1 41 2 1.84
1 53 2 0.27
1 57 1 3.75
1 63 1 2.70
1 105 1 0.57
1 118 1 3.87
1 135 1 4.29
1 137 4 2.03
2 3 3 4.43
2 15 2 4.57
2 19 1 4.38
2 25 3 0.59
2 30 3 2.40
2 31 4 1.19
2 33 2 4.57
2 52 3 1.87
2 54 3 2.70
2 59 1 0.27
2 66 2 0.09
2 76 4 3.12
2 84 3 0.03
2 100 3 2.94
2 106 4 4.32
2 108 2 0.59
2 110 1 3.22
2 112 4 1.33
2 113 1 3.33
2 114 1 3.03
2 120 1 1.50
2 129 4 2.98
2 141 1 1.43
2 146 3 2.02
2 148 1 2.30
3 4 3 3.07
3 11 3 1.95
3 26 1 1.27
3 30 3 0.21
3 31 1 3.78
3 43 4 0.81
3 44 2 0.77
3 46 3 0.53
3 49 4 0.88
3 51 3 2.98
3 60 3 2.14
3 62 3 2.51
3 64 1 0.63
3 66 4 0.37
3 76 2 0.16
3 77 4 1.12
3 79 4 4.77
3 83 2 3.84
3 86 3 1.48
3 87 4 3.87
3 95 2 3.32
3 102 3 3.30
3 108 3 3.77
3 117 1 1.39
3 120 1 3.93
3 121 2 1.57
3 123 1 3.25
3 126 3 2.43
3 134 3 2.38
3 145 4 3.27
4 2 4 4.05
4 7 4 4.51
4 13 2 3.07
4 23 3 3.89
4 24 1 0.22
4 26 3 2.08
4 31 1 4.12
4 36 3 2.15
4 41 2 3.82
4 48 2 0.17
4 52 4 4.75
4 57 1 0.51
4 75 1 4.46
4 76 3 2.75
4 79 1 1.31
4 80 2 2.46
4 88 2 3.59
4 93 3 1.69
4 109 3 1.18
4 111 1 4.13
4 114 4 1.89
4 119 2 2.52
4 123 3 2.16
4 130 3 3.21
4 134 2 2.80
4 148 2 1.63
4 149 2 4.61
5 3 3 1.23
5 4 1 4.92
5 10 2 2.72
5 30 4 0.39
5 31 1 2.35
5 35 4 4.03
5 40 2 3.22
5 44 4 3.50
5 45 2 1.62
5 46 1 1.81
5 51 3 4.11
5 72 2 2.93
5 75 3 0.47
5 77 2 3.91
5 84 2 1.33
5 85 2 3.60
5 90 4 3.62
5 94 1 0.44
5 95 2 1.71
5 102 2 3.53
5 104 3 2.46
5 111 4 2.39
5 117 3 3.37
5 128 3 4.46
5 148 4 0.40
6 2 3 0.21
6 10 1 3.95
6 20 4 4.76
6 26 4 1.56
6 55 4 4.60
6 56 2 1.53
6 69 2 1.71
6 76 4 1.81
6 84 3 3.45
6 87 4 3.12
6 90 1 2.36
6 101 1 3.41
6 125 1 4.56
6 131 3 4.98
6 143 3 3.09
6 147 1 0.19
7 8 4 0.27
7 10 2 0.77
7 17 2 2.26
7 28 4 1.43
7 32 3 1.01
7 39 1 2.42
7 47 2 4.35
7 51 2 4.77
7 53 3 0.42
7 68 4 3.58
7 72 3 3.23
7 86 1 1.83
7 95 1 2.04
7 104 3 0.07
7 106 2 4.83
7 107 1 3.94
7 112 1 3.73
7 115 4 4.39
7 117 4 4.24
7 137 4 2.31
7 138 3 0.30
7 140 2 3.00
8 4 1 4.14
8 18 2 2.46
8 34 3 3.80
8 38 3 0.28
8 41 3 0.19
8 57 2 0.56
8 63 2 3.01
8 80 1 1.26
8 107 2 1.09
8 111 4 2.37
8 112 4 4.42
8 115 4 4.73
8 126 2 4.76
8 127 2 4.96
8 133 4 3.38
8 134 2 1.68
8 137 2 0.21
9 5 2 4.44
9 7 2 4.07
9 13 4 4.97
9 21 3 2.56
9 39 3 2.09
9 65 4 4.31
9 66 1 2.72
9 83 2 1.00
9 84 3 4.18
9 101 4 1.62
9 102 2 4.09
9 103 2 4.62
9 123 4 3.14
9 145 4 2.93
10 3 2 3.43
10 9 4 3.41
10 15 1 0.45
10 25 1 0.59
10 31 2 0.01
10 39 4 0.24
10 48 3 4.67
10 51 1 4.67
10 55 4 2.32
10 68 1 3.47
10 69 2 2.69
10 76 3 3.56
10 81 1 4.13
10 88 4 3.80
10 91 3 3.72
10 94 3 0.67
10 96 2 0.09
10 100 3 1.88
10 107 3 0.01
10 109 4 3.01
10 110 3 0.37
10 111 4 0.86
10 117 2 2.93
10 120 2 4.81
10 126 3 3.72
10 134 3 3.93
10 146 2 2.58
11 13 3 4.82
11 19 3 3.71
11 22 1 0.92
11 30 1 0.56
11 46 4 0.60
11 48 3 4.71
11 55 4 0.33
11 67 3 2.11
11 68 2 4.32
11 70 4 3.03
11 75 3 3.32
11 85 2 2.74
11 92 4 1.66
11 123 3 3.42
11 143 4 1.28
11 145 2 4.91
11 146 1 2.46
12 2 4 4.84
12 3 3 1.63
12 7 4 4.10
12 9 4 3.42
12 13 3 4.55
12 14 2 3.75
12 19 4 1.06
12 21 2 2.01
12 22 1 0.88
12 30 4 3.41
12 33 1 4.25
12 59 3 3.44
12 62 2 4.25
12 67 4 2.91
12 70 4 3.65
12 73 3 0.58
12 75 4 2.41
12 77 2 3.57
12 79 3 0.10
12 83 3 0.28
12 85 1 4.33
12 88 2 2.79
12 93 4 3.85
12 94 3 0.80
12 95 3 0.11
12 99 2 1.52
12 102 3 4.28
12 109 3 4.04
12 113 3 4.17
12 117 2 4.26
12 123 3 3.78
12 128 3 1.82
12 131 2 0.17
12 145 2 4.30
13 2 2 2.06
13 5 4 1.43
13 7 1 2.92
13 10 4 2.96
13 22 2 3.92
13 38 1 1.42
13 40 2 0.70
13 43 4 2.93
13 46 1 1.49
13 60 3 0.46
13 66 1 1.13
13 69 3 3.73
13 73 4 1.76
13 75 2 3.51
13 81 1 2.59
13 86 3 0.70
13 88 4 3.88
13 91 3 3.82
13 93 2 2.92
13 108 1 3.26
13 109 3 4.26
13 114 4 2.27
13 117 1 1.76
13 123 2 0.99
13 126 1 1.65
13 140 1 4.15
13 144 4 1.38
13 145 2 0.73
14 3 4 4.09
14 5 4 2.22
14 30 4 1.99
14 36 1 4.33
14 44 3 0.34
14 53 4 4.22
14 62 3 2.51
14 70 4 1.17
14 81 2 3.76
14 83 1 0.63
14 128 1 2.07
14 141 2 0.70
14 143 4 4.41
14 145 4 3.49
15 12 3 2.35
15 13 1 2.07
15 17 3 0.83
15 19 1 1.98
15 22 1 0.44
15 43 1 2.01
15 55 3 2.19
15 64 3 0.19
15 66 4 4.13
15 73 2 1.54
15 81 3 2.48
15 84 3 1.80
15 86 2 4.80
15 87 1 3.17
15 90 1 4.96
15 94 4 2.24
15 99 3 1.19
15 100 1 2.85
15 101 4 0.42
15 102 3 3.06
15 103 1 1.59
15 104 2 0.78
15 110 4 3.26
15 123 2 0.16
15 131 1 2.92
15 143 4 2.84
15 148 1 3.32
16 38 3 0.21
16 42 4 4.15
16 71 1 4.25
16 88 4 4.31
16 110 2 0.35
17 5 3 4.42
17 11 4 3.21
17 19 2 2.19
17 25 3 1.34
17 30 3 3.81
17 33 1 2.49
17 35 4 0.73
17 40 4 3.40
17 45 4 1.97
17 51 2 1.31
17 55 4 1.73
17 66 2 3.05
17 67 1 2.55
17 69 3 3.71
17 70 2 1.41
17 73 3 3.34
17 81 4 0.76
17 84 4 2.80
17 99 1 2.36
17 101 2 0.13
17 107 1 1.75
17 108 3 2.15
17 116 2 0.83
17 120 1 3.21
17 138 3 2.85
17 143 4 0.81
17 146 1 4.56
18 23 2 2.59
18 41 2 0.97
18 47 2 2.84
18 49 2 1.83
18 95 2 1.81
18 107 1 4.77
18 117 4 4.05
18 118 4 3.76
18 127 4 2.48
18 129 2 0.95
18 137 2 0.36
18 139 1 2.22
18 149 4 1.39
19 33 4 4.96
19 54 4 1.28
19 56 4 4.53
19 60 3 4.61
19 66 2 3.91
19 75 2 1.24
19 82 2 2.14
19 84 4 3.76
19 86 2 3.06
19 90 1 1.61
19 102 1 0.96
19 109 4 0.63
19 111 4 1.10
19 112 3 4.62
19 131 4 2.50
19 143 1 1.42
19 145 4 2.92
20 11 3 1.71
20 13 3 0.90
20 15 1 2.01
20 43 4 4.73
20 48 2 4.83
20 54 3 1.17
20 56 1 2.35
20 59 3 0.73
20 66 2 3.59
20 67 1 2.07
20 69 1 0.86
20 70 3 1.32
20 79 2 1.93
20 96 3 3.79
20 99 1 2.47
20 107 3 4.62
20 110 2 1.67
20 113 1 2.89
20 116 3 1.39
20 125 3 0.78
20 143 4 3.95
20 146 1 0.35
21 2 2 2.13
21 14 1 4.47
21 23 4 4.64
21 38 2 0.40
21 45 1 1.25
21 48 3 0.21
21 61 3 4.82
21 64 3 0.74
21 75 4 3.95
21 77 3 4.11
21 83 1 3.43
21 88 2 1.74
21 89 2 0.06
21 90 2 2.37
21 92 2 0.28
21 95 4 3.85
21 100 4 1.83
21 102 2 2.75
21 104 4 0.10
21 106 1 3.41
21 107 4 2.41
21 114 4 0.08
21 115 3 2.45
21 123 4 4.57
21 129 1 4.69
21 136 3 2.92
21 137 3 4.62
21 140 2 0.33
21 149 4 4.65
22 2 2 2.13
22 10 3 1.13
22 19 4 2.22
22 20 1 1.05
22 26 3 0.32
22 29 3 2.63
22 37 4 2.33
22 42 1 0.63
22 45 1 0.76
22 54 3 4.28
22 56 2 1.02
22 90 4 3.90
22 92 3 1.42
22 108 3 3.54
22 109 4 2.58
22 112 3 1.29
22 113 2 1.59
22 143 2 2.86
22 147 4 1.07
23 1 2 2.34
23 27 1 2.99
23 28 4 3.62
23 32 1 4.21
23 41 4 2.94
23 61 3 2.16
23 106 4 1.35
23 115 4 3.14
23 117 4 4.02
23 121 4 4.99
23 127 3 4.27
23 130 2 3.18
23 133 1 3.40
23 134 3 0.96
23 136 2 2.83
24 8 1 1.16
24 26 1 3.24
24 31 2 1.28
24 34 2 3.07
24 37 3 4.28
24 41 1 2.09
24 42 3 3.33
24 43 1 1.30
24 45 2 2.43
24 56 3 4.14
24 59 2 3.19
24 61 1 4.63
24 71 1 3.38
24 74 3 0.85
24 75 1 4.20
24 82 1 2.47
24 92 4 0.05
24 98 2 4.99
24 100 3 4.46
24 106 3 4.44
24 107 4 0.65
24 109 1 0.38
24 129 1 2.11
24 132 1 0.50
25 4 3 4.73
25 5 4 4.60
25 6 2 0.78
25 7 1 0.25
25 9 4 4.30
25 13 1 1.94
25 14 2 1.15
25 19 1 1.58
25 26 3 0.58
25 30 4 3.45
25 36 1 3.11
25 39 2 4.09
25 43 4 0.12
25 46 1 2.80
25 48 3 2.87
25 52 1 3.62
25 53 4 3.39
25 56 1 0.14
25 59 1 3.50
25 60 2 0.23
25 64 3 2.04
25 69 3 1.81
25 87 3 3.85
25 91 3 0.72
25 99 3 3.59
25 100 2 0.38
25 101 2 3.86
25 109 4 2.99
25 117 3 3.25
25 122 3 4.53
25 125 1 1.66
25 140 1 1.36
25 141 1 0.82
25 147 4 3.05
25 148 1 3.18
26 2 3 3.00
26 7 4 4.04
26 10 2 3.61
26 16 2 1.79
26 39 3 1.07
26 42 3 4.99
26 46 4 4.48
26 50 3 3.78
26 51 2 0.82
26 69 4 3.44
26 75 1 0.00
26 79 3 2.31
26 81 1 3.77
26 88 4 3.21
26 96 4 1.37
26 111 2 4.33
26 112 2 0.98
26 113 3 0.22
26 117 2 4.06
26 123 3 4.64
26 124 1 0.52
26 125 2 1.84
26 129 3 2.43
26 141 3 4.33
26 147 2 4.92
27 7 1 4.84
27 8 1 4.86
27 18 2 0.48
27 31 1 0.44
27 34 2 3.11
27 76 1 3.41
27 77 4 3.08
27 80 3 2.66
27 95 2 4.41
27 111 3 1.75
27 112 2 3.93
27 115 4 0.63
27 121 1 2.79
27 125 1 4.76
27 134 4 0.39
27 137 4 0.37
27 139 2 2.59
27 144 3 3.97
27 149 4 2.86
28 4 4 4.95
28 21 1 2.72
28 63 2 3.83
28 89 1 0.04
28 106 4 2.12
28 126 2 2.61
28 133 2 3.91
28 136 2 4.05
28 139 4 2.05
28 141 3 3.48
29 16 2 1.34
29 24 4 1.95
29 33 3 1.47
29 50 3 4.95
29 74 3 4.54
29 82 1 2.84
29 86 4 1.15
29 88 1 4.34
29 107 1 3.15
29 112 3 2.16
29 125 4 1.48
29 129 2 3.90
30 6 2 0.04
30 7 3 3.57
30 9 3 1.31
30 35 4 0.20
30 36 4 1.73
30 44 2 3.78
30 48 1 1.87
30 52 2 0.77
30 59 2 2.52
30 64 4 0.45
30 65 2 1.13
30 73 1 1.12
30 76 2 2.61
30 81 1 2.96
30 83 3 2.11
30 94 1 4.40
30 99 4 2.20
30 111 3 0.53
30 123 1 1.53
30 126 2 4.49
30 144 3 3.99
30 145 3 1.95
31 8 1 0.12
31 13 4 0.07
31 18 1 3.43
31 21 1 0.56
31 23 1 0.24
31 25 3 0.90
31 28 1 3.89
31 35 4 0.86
31 39 2 4.87
31 47 4 2.16
31 48 4 4.49
31 55 3 4.37
31 69 4 3.34
31 70 1 1.84
31 72 1 4.56
31 86 3 0.99
31 88 4 3.85
31 89 2 3.08
31 93 2 3.29
31 94 2 4.42
31 109 1 4.36
31 110 3 4.74
31 112 2 1.70
31 121 4 3.74
31 123 4 1.85
31 128 4 4.70
31 130 3 0.14
31 136 4 0.92
31 137 2 4.01
31 149 2 3.14
32 4 1 1.23
32 47 2 4.80
32 80 4 4.51
32 89 1 4.04
32 105 4 1.32
32 137 1 4.12
32 139 3 1.56
33 7 1 4.74
33 20 2 3.35
33 24 1 3.95
33 25 2 3.41
33 42 4 2.11
33 43 1 4.73
33 45 1 3.29
33 51 4 4.05
33 55 3 4.87
33 69 2 1.61
33 75 3 2.35
33 81 2 2.44
33 83 2 3.44
33 86 2 1.79
33 87 2 1.87
33 100 3 2.79
33 101 2 0.92
33 103 4 0.20
33 111 1 2.73
33 113 2 0.17
33 116 4 3.35
33 131 1 0.82
33 147 1 4.03
33 148 2 3.46
34 0 2 1.96
34 1 1 0.94
34 26 3 4.46
34 32 4 0.60
34 36 1 2.43
34 64 4 0.51
34 76 3 0.97
34 89 1 4.79
34 95 3 1.10
34 97 1 1.86
34 98 2 2.85
34 107 2 1.89
34 109 3 3.23
34 111 4 3.91
34 119 2 0.34
34 125 1 4.59
34 126 3 1.00
34 127 4 3.82
34 133 1 4.42
34 141 2 4.37
34 142 2 4.16
34 149 3 4.19
35 2 4 3.03
35 4 4 4.69
35 10 2 1.23
35 21 1 4.60
35 28 4 0.64
35 39 4 3.54
35 52 2 4.58
35 68 4 1.68
35 72 3 3.43
35 75 1 4.96
35 77 3 0.50
35 80 1 4.19
35 85 1 2.37
35 89 3 0.02
35 94 3 2.72
35 95 1 4.81
35 118 2 4.17
35 126 4 4.71
35 138 2 2.01
35 140 2 2.35
35 143 1 0.69
36 7 1 3.27
36 12 4 4.74
36 28 4 4.66
36 35 2 3.38
36 44 2 4.03
36 48 1 1.94
36 51 4 2.81
36 53 3 0.19
36 59 4 0.12
36 62 1 0.90
36 68 1 1.23
36 69 3 3.55
36 83 1 1.36
36 85 2 2.01
36 88 4 0.29
36 104 3 0.14
36 107 2 1.71
36 111 4 0.92
36 112 1 0.52
36 118 1 1.38
36 120 1 3.83
36 130 1 0.86
36 140 4 1.83
36 141 4 1.52
36 144 1 3.39
36 145 4 0.09
37 26 2 2.05
37 33 4 2.60
37 43 1 0.92
37 86 3 0.92
37 92 3 0.93
37 109 2 0.63
37 134 1 2.78
38 0 1 2.08
38 4 2 1.04
38 26 3 1.72
38 27 3 4.95
38 41 3 4.85
38 42 4 4.32
38 45 3 2.59
38 49 2 3.73
38 60 4 3.24
38 61 4 4.27
38 88 1 1.89
38 95 3 1.42
38 100 3 4.75
38 106 2 1.03
38 107 1 3.17
38 109 4 4.79
38 110 4 0.13
38 124 2 3.66
38 126 4 3.91
38 129 1 4.90
38 132 1 0.42
39 4 3 2.35
39 13 3 4.48
39 14 1 2.07
39 17 1 0.89
39 36 3 4.06
39 46 3 4.07
39 51 2 3.02
39 60 4 2.35
39 62 2 0.99
39 65 4 1.17
39 69 4 1.67
39 70 1 0.42
39 79 2 4.67
39 83 1 1.55
39 86 1 1.10
39 87 4 3.68
39 91 4 4.86
39 95 2 4.16
39 101 3 1.42
39 104 2 3.66
39 110 3 2.09
39 116 1 2.74
39 117 3 2.76
39 121 3 3.75
39 122 1 0.15
39 125 4 0.43
39 134 3 2.43
39 141 4 0.01
39 144 1 3.89
39 149 2 4.94
40 2 2 2.88
40 6 4 1.58
40 11 2 0.03
40 14 4 0.78
40 30 1 2.01
40 33 3 2.37
40 46 3 3.66
40 55 1 0.63
40 59 3 1.96
40 60 2 2.73
40 64 4 2.87
40 78 2 2.30
40 90 1 0.27
40 93 2 0.87
40 104 2 0.89
40 108 1 1.35
40 116 2 3.79
40 122 1 1.85
40 123 3 1.29
40 141 4 2.80
41 7 2 4.86
41 27 1 2.19
41 50 2 0.18
41 97 2 1.59
41 125 1 0.10
41 126 1 0.57
41 127 2 4.34
41 130 3 2.98
41 133 2 4.09
41 135 3 1.79
41 136 2 1.38
41 139 1 0.71
42 0 3 4.79
42 29 4 4.60
42 50 4 0.71
42 58 4 4.06
42 90 3 0.45
42 92 2 4.63
42 107 4 1.66
42 110 1 2.24
42 129 4 0.73
42 132 4 3.40
42 148 4 3.57
43 2 3 1.44
43 4 3 3.22
43 6 4 1.66
43 7 2 0.17
43 10 4 0.19
43 12 4 2.28
43 16 2 1.78
43 22 1 3.54
43 29 4 1.34
43 31 2 1.37
43 38 2 2.39
43 45 2 1.62
43 54 1 3.64
43 61 2 2.11
43 67 2 0.28
43 69 4 2.20
43 71 4 4.11
43 74 4 2.63
43 75 4 2.14
43 79 2 4.97
43 81 3 0.63
43 82 2 1.57
43 83 1 4.40
43 87 3 2.78
43 88 4 3.59
43 96 3 4.54
43 98 3 4.75
43 108 1 1.81
43 117 1 2.07
43 119 1 3.09
43 124 1 4.86
43 129 2 1.36
43 145 1 1.75
44 9 2 2.55
44 81 4 1.64
44 84 2 0.76
44 116 2 3.71
44 120 4 4.57
44 123 4 4.99
44 137 1 4.42
45 2 4 4.71
45 6 3 1.44
45 19 3 1.85
45 25 2 1.53
45 29 3 0.94
45 49 2 0.28
45 50 1 4.16
45 55 1 4.52
45 59 3 4.98
45 65 2 4.06
45 66 1 0.04
45 68 2 4.57
45 76 1 3.40
45 85 4 1.67
45 87 3 2.63
45 94 3 1.09
45 95 2 4.25
45 96 3 1.49
45 102 3 4.27
45 106 3 3.30
45 107 2 4.70
45 108 4 1.19
45 123 1 3.03
45 125 2 1.39
45 126 1 0.71
45 132 2 3.18
45 148 4 0.35
46 7 4 3.17
46 10 2 4.68
46 15 3 1.37
46 22 4 1.21
46 30 4 0.98
46 45 2 4.77
46 55 4 4.45
46 59 1 4.25
46 60 3 0.04
46 68 3 4.49
46 76 2 0.61
46 83 1 2.17
46 103 3 2.03
46 108 2 4.51
46 110 4 0.98
46 112 2 1.72
46 114 3 1.49
46 116 2 2.37
46 122 4 1.38
46 143 2 4.96
46 146 3 1.50
47 4 3 3.25
47 8 1 3.20
47 36 1 1.33
47 41 4 0.12
47 57 3 4.01
47 65 4 3.03
47 72 2 2.12
47 80 4 2.25
47 93 2 2.99
47 114 2 4.20
47 121 2 0.40
47 130 4 2.28
47 135 2 3.80
47 136 4 4.45
47 142 2 1.10
47 144 2 3.63
48 2 2 3.58
48 6 3 1.04
48 12 3 3.07
48 15 1 4.77
48 19 1 3.74
48 22 3 2.95
48 26 2 1.14
48 33 4 3.73
48 38 4 3.89
48 43 2 1.66
48 46 3 4.36
48 59 3 1.66
48 60 4 2.04
48 68 3 3.05
48 72 2 1.78
48 75 3 1.68
48 78 2 4.48
48 83 3 1.19
48 86 1 0.94
48 92 1 0.90
48 108 4 2.59
48 109 1 3.09
48 110 1 3.81
48 113 2 3.13
48 125 2 1.10
48 126 4 0.88
48 141 1 4.58
48 145 2 4.38
48 146 4 2.22
48 147 4 0.61
49 0 1 3.47
49 1 1 3.17
49 2 3 1.42
49 4 3 0.40
49 21 4 4.48
49 26 2 0.64
49 28 3 3.24
49 32 1 0.50
49 35 2 4.47
49 43 3 4.02
49 52 4 4.40
49 57 3 4.66
49 63 4 2.29
49 72 3 3.85
49 76 3 0.46
49 77 4 2.70
49 88 1 1.50
49 89 3 0.37
49 95 3 0.23
49 101 1 3.10
49 105 4 1.16
49 107 3 2.08
49 111 1 0.23
49 125 3 3.79
49 127 1 3.58
49 134 2 2.05
49 142 1 1.33
49 144 2 4.93
49 148 1 3.47
50 24 4 0.62
50 56 3 1.47
50 57 2 0.85
50 95 3 4.10
50 100 4 2.95
50 110 4 0.64
50 129 2 3.41
50 134 4 3.94
51 2 2 3.26
51 13 1 0.19
51 14 3 1.85
51 20 4 0.44
51 21 3 2.78
51 30 3 0.63
51 31 2 1.40
51 35 4 0.60
51 40 4 2.80
51 48 4 1.38
51 62 3 3.54
51 66 4 3.41
51 79 3 0.85
51 87 1 2.93
51 88 3 3.01
51 93 2 1.31
51 102 2 3.96
51 106 3 0.63
51 108 2 0.07
51 110 4 0.04
51 111 1 0.65
51 114 2 1.35
51 116 1 3.00
51 123 2 3.98
51 137 3 1.28
51 140 1 4.50
51 143 2 3.30
51 144 2 3.02
51 148 3 0.33
52 3 3 4.97
52 9 4 4.98
52 10 3 4.74
52 13 4 2.19
52 27 4 4.77
52 31 2 2.05
52 36 1 3.16
52 39 3 1.24
52 44 3 0.42
52 101 2 4.91
52 104 3 0.59
52 107 4 3.81
52 114 2 4.59
52 118 2 2.13
52 120 2 0.51
52 126 3 2.78
52 127 3 3.52
52 137 3 1.86
52 143 2 2.74
52 144 4 1.99
53 4 4 2.22
53 5 4 4.41
53 9 3 3.29
53 28 1 3.61
53 32 1 1.91
53 35 2 1.44
53 49 3 1.27
53 51 4 0.01
53 62 4 1.04
53 72 2 0.98
53 77 1 1.24
53 83 2 1.44
53 89 2 3.42
53 95 3 0.67
53 97 3 3.60
53 105 4 3.21
53 106 3 1.69
53 115 3 3.07
53 120 1 3.33
53 126 2 4.83
53 139 2 0.17
53 144 4 0.33
54 11 4 2.05
54 12 2 0.98
54 15 1 0.62
54 60 4 1.61
54 64 3 1.00
54 67 1 2.89
54 68 3 2.55
54 69 4 1.92
54 84 1 3.64
54 86 2 3.47
54 90 2 2.51
54 96 4 2.43
54 104 1 2.51
54 145 3 4.09
54 148 2 5.00
55 4 4 1.33
55 7 2 3.64
55 20 4 3.35
55 22 4 3.39
55 24 3 2.77
55 37 1 0.08
55 43 4 1.67
55 51 4 0.50
55 56 2 3.68
55 60 2 1.26
55 62 2 2.10
55 67 3 4.21
55 69 2 0.49
55 81 2 2.35
55 85 2 2.44
55 94 2 2.79
55 96 2 4.88
55 110 4 3.16
55 113 2 1.52
55 123 2 3.76
55 131 2 1.68
55 146 2 0.05
55 147 1 3.09
55 148 1 1.31
56 4 4 4.15
56 7 2 1.19
56 13 2 0.68
56 15 3 2.88
56 16 2 1.55
56 21 4 0.38
56 26 1 2.30
56 29 1 4.01
56 31 4 1.67
56 37 1 0.06
56 42 1 1.76
56 43 3 2.41
56 48 4 0.36
56 58 2 1.97
56 71 3 1.40
56 75 4 3.11
56 88 2 1.43
56 91 4 0.70
56 92 3 1.24
56 94 3 3.51
56 96 4 4.08
56 100 2 3.54
56 102 3 2.36
56 109 3 4.85
56 111 3 1.50
56 113 2 4.55
56 125 4 4.50
56 132 2 0.23
56 134 4 0.62
57 18 4 1.80
57 21 4 4.46
57 23 3 4.34
57 24 2 0.07
57 26 2 3.60
57 27 4 2.99
57 29 4 2.35
57 32 4 1.32
57 34 3 2.67
57 41 3 2.33
57 43 4 4.25
57 45 1 1.38
57 56 2 4.64
57 61 2 1.95
57 63 4 0.83
57 64 1 1.67
57 77 3 3.24
57 79 4 2.29
57 82 3 3.07
57 86 4 1.06
57 109 1 3.45
57 115 3 3.18
57 117 2 3.46
57 121 1 1.01
57 124 4 2.33
57 126 4 4.98
57 130 4 4.30
57 142 1 0.33
57 149 1 0.94
58 0 4 0.29
58 29 4 0.32
58 38 2 0.97
58 61 3 1.94
58 109 1 3.91
58 110 4 3.71
58 132 1 3.88
59 7 2 0.69
59 13 1 4.72
59 21 2 4.32
59 34 3 1.67
59 35 4 4.09
59 39 3 2.97
59 52 4 3.58
59 62 1 1.23
59 65 1 3.42
59 67 2 4.76
59 72 2 0.50
59 79 1 1.52
59 83 1 4.87
59 84 1 4.69
59 93 3 0.53
59 94 2 1.77
59 96 4 2.01
59 104 3 4.18
59 105 2 4.96
59 106 1 2.89
59 107 1 3.66
59 111 4 4.20
59 114 1 0.17
59 117 2 0.48
59 121 1 4.68
59 123 4 4.97
59 126 2 4.52
59 129 2 1.14
59 134 3 0.18
59 147 3 0.18
60 2 2 2.33
60 6 2 1.15
60 11 2 0.70
60 20 4 1.76
60 26 4 0.12
60 43 3 2.02
60 51 4 1.42
60 59 2 4.52
60 65 4 3.67
60 77 1 4.59
60 82 1 0.21
60 84 1 0.81
60 86 1 0.11
60 88 3 4.29
60 96 1 3.26
60 101 2 0.67
60 108 3 4.31
60 109 1 1.28
60 113 2 1.75
60 123 3 1.37
60 125 4 3.92
60 148 2 0.50
61 4 2 2.25
61 8 4 0.88
61 16 3 4.64
61 18 4 3.04
61 26 4 0.18
61 27 1 0.69
61 41 4 3.19
61 42 1 2.36
61 50 4 0.39
61 71 2 4.26
61 79 1 1.99
61 86 3 0.74
61 95 1 4.45
61 97 4 2.70
61 98 2 2.31
61 107 2 3.65
61 112 3 0.23
61 115 3 1.71
61 126 3 2.31
61 132 2 4.40
61 136 2 4.81
61 139 2 3.93
61 149 4 4.08
62 2 4 2.94
62 7 2 4.34
62 10 3 1.35
62 13 4 3.25
62 18 1 1.47
62 27 1 4.04
62 28 4 3.44
62 30 2 4.55
62 33 3 2.70
62 34 2 2.11
62 35 2 2.48
62 40 1 0.38
62 43 4 4.00
62 52 4 2.06
62 64 3 1.49
62 68 2 4.11
62 69 4 0.32
62 80 1 3.55
62 81 2 4.13
62 88 3 1.99
62 89 3 3.13
62 90 1 4.80
62 100 2 0.68
62 106 2 1.74
62 107 2 2.34
62 109 4 1.67
62 110 3 1.46
62 112 3 4.24
62 114 2 0.34
62 117 4 4.50
62 120 4 0.63
62 125 4 1.01
62 127 2 2.78
62 134 2 4.59
62 136 2 0.33
62 137 1 1.30
62 138 1 1.70
62 141 1 2.40
62 144 4 2.04
63 4 2 0.65
63 7 1 0.29
63 18 4 1.51
63 23 3 4.77
63 27 3 0.08
63 32 3 1.24
63 34 3 2.41
63 41 1 2.76
63 47 1 1.27
63 98 4 4.87
63 105 4 0.77
63 106 1 4.87
63 117 1 0.57
63 121 2 1.68
63 149 1 2.06
64 5 2 1.40
64 6 4 0.38
64 7 3 3.17
64 10 1 1.10
64 12 1 1.16
64 17 3 1.85
64 20 4 0.73
64 22 2 0.55
64 24 2 1.22
64 33 3 4.56
64 36 4 3.45
64 42 4 4.83
64 45 4 3.93
64 48 2 4.24
64 52 2 1.71
64 56 2 1.82
64 59 1 0.67
64 65 4 4.71
64 67 3 2.24
64 70 3 1.15
64 72 3 0.20
64 75 2 2.25
64 84 1 2.30
64 93 3 4.59
64 96 3 2.55
64 99 4 0.21
64 102 2 2.42
64 105 1 0.36
64 114 2 2.82
64 116 3 0.75
64 119 2 0.41
64 121 2 3.32
64 125 3 4.44
64 126 3 1.02
64 141 1 0.07
64 145 1 3.73
65 3 1 3.39
65 5 3 2.62
65 6 2 1.26
65 7 3 4.16
65 10 4 1.26
65 12 2 1.23
65 14 2 3.70
65 17 1 4.36
65 26 2 1.10
65 28 2 0.69
65 35 4 2.01
65 44 2 3.11
65 46 4 4.81
65 48 4 0.82
65 51 3 3.27
65 62 2 3.82
65 69 1 1.46
65 83 1 0.74
65 85 1 1.66
65 92 2 2.42
65 96 2 0.48
65 110 4 4.75
65 117 4 4.31
65 121 3 2.41
65 122 1 0.30
65 137 4 1.04
65 141 1 2.12
65 148 4 3.42
65 149 1 2.92
66 5 2 0.31
66 11 4 0.08
66 22 2 1.43
66 26 2 2.46
66 36 2 0.14
66 39 4 1.69
66 40 2 2.51
66 48 1 2.94
66 60 4 2.86
66 62 3 2.31
66 70 2 3.61
66 77 3 2.26
66 83 3 2.66
66 91 4 0.34
66 93 4 0.40
66 99 2 2.42
66 102 3 4.04
66 104 4 0.66
66 116 2 0.44
66 123 4 0.96
66 138 2 4.22
66 140 1 2.23
66 141 1 1.56
66 148 4 3.64
67 13 4 2.13
67 19 1 1.57
67 26 1 1.85
67 45 4 0.40
67 46 3 0.50
67 48 3 1.64
67 70 1 0.83
67 73 3 4.60
67 75 2 0.99
67 79 2 0.51
67 87 3 0.36
67 91 3 0.25
67 111 2 1.86
67 116 4 0.02
67 131 2 2.80
67 146 3 4.79
68 5 1 1.24
68 9 4 3.20
68 13 4 4.96
68 25 4 2.17
68 30 1 3.47
68 33 2 3.41
68 44 3 0.92
68 51 2 4.45
68 52 4 0.22
68 60 2 4.99
68 65 3 2.59
68 70 1 2.62
68 73 4 0.90
68 75 1 0.20
68 85 2 3.09
68 87 2 1.90
68 94 2 0.53
68 101 2 2.64
68 116 3 1.52
68 138 2 4.27
68 143 1 1.62
68 145 1 2.12
69 11 2 1.68
69 15 4 4.39
69 19 3 3.65
69 21 2 0.20
69 30 2 0.31
69 40 4 1.23
69 45 2 1.71
69 51 4 1.34
69 56 1 2.97
69 64 1 0.02
69 78 2 2.82
69 83 2 0.20
69 84 1 2.97
69 85 2 2.39
69 87 4 0.19
69 94 1 0.60
69 99 4 2.36
69 100 1 4.16
69 117 3 2.56
69 120 2 0.33
69 125 4 1.39
69 128 2 3.39
69 141 3 2.88
69 148 3 0.65
70 15 4 1.59
70 19 1 2.55
70 30 1 2.92
70 33 2 1.12
70 35 1 1.29
70 52 3 2.99
70 54 2 2.18
70 59 1 2.94
70 65 3 0.87
70 72 4 3.52
70 75 3 2.79
70 78 4 0.91
70 83 3 3.53
70 85 1 3.59
70 88 2 3.68
70 90 3 0.95
70 94 3 1.22
70 96 3 0.76
70 99 4 4.11
70 101 2 4.72
70 104 3 2.50
70 105 3 3.62
70 106 2 4.53
70 107 4 2.20
70 111 2 4.08
70 112 3 4.20
70 114 4 1.94
70 122 4 1.16
70 126 1 0.48
70 141 3 3.14
70 147 3 2.60
71 26 3 3.35
71 29 2 3.68
71 37 2 2.70
71 107 4 4.74
71 124 4 3.74
71 129 4 4.43
72 2 4 2.85
72 3 3 0.29
72 4 4 2.93
72 8 4 0.77
72 9 3 4.39
72 10 4 3.73
72 12 3 3.75
72 17 4 1.34
72 18 2 3.01
72 39 1 1.78
72 43 1 1.88
72 46 4 4.91
72 52 1 1.01
72 78 1 1.52
72 84 4 1.23
72 94 3 1.80
72 101 1 4.40
72 111 1 4.37
72 112 4 0.84
72 114 3 1.35
72 118 2 2.62
72 120 1 1.70
72 122 3 1.13
72 123 1 2.66
72 126 3 3.27
72 136 3 0.79
72 139 1 3.35
72 141 4 3.55
73 2 3 3.16
73 20 2 2.46
73 22 1 2.40
73 40 4 2.19
73 48 3 1.11
73 55 2 3.17
73 81 2 3.98
73 85 4 4.61
73 87 2 1.55
73 90 3 1.55
73 92 1 2.85
73 96 1 0.52
73 102 3 1.58
73 104 3 0.75
73 147 1 3.53
74 16 1 2.91
74 22 4 3.96
74 31 4 0.10
74 38 3 4.09
74 56 4 4.08
74 57 3 3.01
74 61 1 2.23
74 71 2 1.37
74 90 1 4.40
74 109 2 1.08
74 110 1 3.60
74 111 1 4.63
74 112 2 3.04
74 125 2 0.01
74 132 1 1.43
75 2 4 3.65
75 6 4 0.99
75 20 2 1.80
75 22 4 2.47
75 38 1 4.76
75 40 3 4.54
75 46 3 1.96
75 49 1 1.17
75 54 2 3.96
75 59 4 1.92
75 62 3 4.29
75 65 1 3.53
75 73 3 4.30
75 77 4 0.23
75 78 2 1.58
75 82 1 4.49
75 90 1 3.36
75 91 2 4.64
75 92 2 3.11
75 103 3 2.09
75 105 1 1.25
75 107 4 3.41
75 110 2 2.82
75 112 2 0.63
75 116 2 3.58
75 120 3 4.23
75 125 4 3.28
75 148 4 2.95
76 7 1 0.14
76 25 2 2.82
76 28 1 3.44
76 33 3 0.26
76 39 2 3.59
76 43 4 2.89
76 53 4 3.14
76 56 2 2.02
76 60 4 4.12
76 62 2 0.18
76 64 4 1.20
76 65 4 4.64
76 72 3 4.86
76 79 2 0.12
76 80 1 1.29
76 84 2 0.71
76 85 4 2.26
76 91 1 2.47
76 92 4 2.16
76 96 3 4.80
76 101 2 4.84
76 104 4 0.23
76 106 3 4.88
76 114 3 3.77
76 120 2 1.00
76 129 1 3.49
76 134 3 2.19
76 139 1 3.36
76 140 1 3.94
76 143 3 2.17
76 145 1 3.31
77 7 3 4.24
77 9 1 3.52
77 10 4 3.39
77 13 3 2.93
77 14 1 3.14
77 15 1 2.73
77 18 4 4.12
77 24 4 2.98
77 26 4 4.86
77 28 4 0.06
77 34 4 3.60
77 46 3 3.04
77 52 2 3.62
77 56 1 3.78
77 62 3 3.88
77 64 1 2.77
77 72 1 0.07
77 76 4 2.15
77 86 2 1.03
77 89 4 4.19
77 95 1 3.23
77 96 3 4.34
77 97 2 0.76
77 103 1 0.10
77 107 4 0.91
77 111 3 0.18
77 117 3 4.70
77 121 1 4.24
77 123 1 1.13
77 126 1 1.34
77 127 1 0.44
77 128 1 2.07
77 129 1 2.24
77 140 3 3.62
78 3 3 3.70
78 7 1 1.98
78 10 1 0.28
78 12 4 2.94
78 13 2 3.48
78 14 4 3.02
78 17 3 4.28
78 30 2 4.15
78 51 4 4.32
78 65 3 3.81
78 66 4 2.69
78 68 4 2.99
78 77 4 1.21
78 83 1 3.05
78 85 3 4.03
78 93 3 1.27
78 101 4 2.03
78 103 4 4.98
78 104 3 0.26
78 116 2 0.75
78 126 3 1.42
78 138 4 3.75
78 145 4 3.40
79 2 1 3.59
79 10 2 0.25
79 15 3 2.46
79 19 3 3.85
79 22 1 4.36
79 25 2 3.49
79 31 3 2.71
79 33 2 1.20
79 42 2 3.44
79 50 4 4.87
79 55 1 4.05
79 56 1 0.87
79 75 3 2.56
79 77 1 0.29
79 86 4 2.35
79 87 1 4.52
79 100 3 3.53
79 106 1 2.93
79 107 3 1.46
79 109 1 1.03
79 119 1 3.08
79 125 4 1.88
79 126 1 0.11
79 134 1 4.53
79 143 4 0.57
79 147 2 1.93
79 148 3 1.59
80 1 3 2.69
80 7 1 2.57
80 18 3 4.02
80 23 3 1.08
80 34 3 1.14
80 49 1 2.78
80 53 3 2.86
80 72 4 3.95
80 89 4 2.98
80 93 3 4.27
80 95 3 2.17
80 98 3 1.67
80 105 4 0.05
80 117 2 3.33
80 126 4 1.02
80 135 3 4.11
81 3 2 0.99
81 4 1 4.23
81 35 1 0.52
81 36 1 0.77
81 40 2 2.92
81 45 3 1.83
81 51 1 4.23
81 52 2 4.86
81 69 1 2.71
81 70 1 1.84
81 76 1 3.79
81 78 1 1.52
81 83 2 3.33
81 92 1 1.92
81 103 1 1.98
81 104 2 2.18
81 105 1 2.53
81 107 4 0.22
81 112 4 0.53
81 114 1 4.15
81 120 4 3.90
81 128 1 3.90
81 138 3 2.68
81 140 1 0.87
81 143 4 0.13
81 146 1 4.06
81 148 4 2.82
82 6 4 3.80
82 15 4 4.72
82 20 3 0.66
82 42 2 4.37
82 50 1 1.88
82 59 2 1.40
82 61 3 1.52
82 71 3 0.24
82 74 4 0.56
82 90 3 2.15
82 108 3 1.82
82 112 4 2.29
82 129 3 3.29
82 134 3 4.56
82 148 2 4.00
83 5 4 1.90
83 6 1 0.79
83 11 3 4.04
83 15 1 2.15
83 17 1 2.19
83 35 1 2.81
83 40 4 2.47
83 45 3 2.02
83 49 3 4.20
83 51 2 0.68
83 52 4 1.16
83 64 4 0.85
83 72 3 2.80
83 88 4 4.79
83 93 1 1.28
83 95 4 3.43
83 99 3 0.53
83 108 2 1.01
83 114 4 4.03
83 117 3 4.10
83 128 4 4.22
83 140 2 3.59
83 145 4 0.03
84 3 4 4.81
84 7 3 0.50
84 10 3 0.59
84 14 2 4.99
84 20 1 0.46
84 25 4 0.18
84 33 3 0.73
84 39 3 0.04
84 48 3 0.89
84 66 2 4.22
84 67 3 4.21
84 73 3 2.71
84 75 4 2.76
84 87 3 1.69
84 92 1 2.79
84 93 4 3.32
84 99 1 2.89
84 102 4 3.72
84 103 1 4.11
84 107 1 3.82
84 108 2 1.17
84 131 4 1.84
84 141 3 0.72
84 143 2 0.65
84 147 2 2.25
85 7 2 2.48
85 13 4 2.72
85 14 1 0.18
85 15 2 3.22
85 20 1 3.32
85 30 1 1.24
85 31 4 4.60
85 40 1 0.72
85 60 2 2.38
85 67 2 2.00
85 72 4 1.31
85 75 1 3.94
85 79 4 3.35
85 83 4 1.21
85 84 3 4.93
85 90 2 1.91
85 92 2 1.24
85 107 4 3.80
85 110 2 0.82
85 122 2 0.41
85 125 2 4.59
85 128 3 2.46
85 145 4 1.45
85 147 3 2.07
86 2 3 0.88
86 4 1 2.72
86 6 3 1.81
86 12 3 2.84
86 20 4 1.20
86 21 4 4.23
86 24 3 4.63
86 25 2 0.06
86 38 4 0.94
86 42 3 4.69
86 43 2 1.92
86 45 4 1.52
86 51 2 3.58
86 55 3 3.84
86 59 4 2.26
86 62 2 3.36
86 69 1 1.60
86 73 3 0.02
86 74 3 3.01
86 75 1 2.73
86 83 3 0.86
86 94 4 0.75
86 96 3 3.03
86 103 2 0.50
86 106 4 0.48
86 108 3 0.43
86 110 4 0.85
86 111 2 4.49
86 113 1 2.80
86 123 4 4.99
86 126 3 4.50
86 141 4 3.25
86 147 2 0.36
86 148 1 2.03
87 17 2 4.29
87 19 2 4.15
87 22 1 0.69
87 54 4 0.26
87 60 3 4.29
87 66 1 3.78
87 81 2 2.53
87 83 1 1.59
87 90 2 0.91
87 91 3 1.09
87 96 3 0.88
87 109 2 0.97
87 110 3 3.87
87 111 2 3.97
87 143 4 2.78
87 147 4 4.64
88 6 1 3.07
88 18 2 0.71
88 20 4 1.12
88 24 3 0.95
88 27 3 2.36
88 34 4 0.41
88 37 3 3.07
88 47 4 3.29
88 58 1 3.34
88 59 4 0.51
88 61 4 4.69
88 64 3 4.47
88 65 3 0.28
88 74 4 0.31
88 77 1 1.61
88 79 1 1.67
88 81 1 3.51
88 86 1 3.64
88 90 2 4.29
88 91 1 4.50
88 92 2 0.90
88 105 2 1.85
88 107 1 1.91
88 114 3 0.19
88 117 1 4.22
88 123 4 3.47
88 125 2 1.16
88 132 2 1.35
88 136 3 0.78
88 148 2 4.29
89 1 3 3.45
89 8 4 1.80
89 27 3 4.63
89 36 2 0.49
89 47 4 2.45
89 52 3 1.78
89 72 3 0.24
89 98 1 3.61
89 105 4 4.59
89 106 1 2.99
89 127 2 5.00
89 130 4 4.50
89 136 4 4.93
89 149 4 2.59
90 2 4 2.77
90 3 3 4.68
90 11 3 2.95
90 13 4 4.75
90 30 3 2.50
90 31 4 4.04
90 33 1 1.28
90 36 2 4.33
90 38 1 2.11
90 45 3 4.41
90 46 3 0.58
90 51 4 1.62
90 59 3 3.49
90 64 4 4.14
90 66 4 3.18
90 67 3 1.46
90 68 3 3.69
90 72 1 0.71
90 77 1 1.18
90 81 3 4.06
90 84 4 4.41
90 86 2 3.54
90 109 1 2.72
90 117 4 4.63
90 119 3 4.40
90 120 3 0.02
90 143 3 1.07
90 146 2 2.86
91 2 3 4.84
91 4 2 1.60
91 6 4 3.41
91 12 3 0.67
91 16 3 0.97
91 20 3 1.03
91 24 1 3.23
91 29 3 1.17
91 38 2 1.88
91 42 3 1.67
91 46 4 2.58
91 48 1 2.57
91 51 2 3.43
91 61 1 3.64
91 71 1 3.90
91 73 2 0.86
91 85 2 0.58
91 90 1 1.45
91 95 2 3.62
91 106 4 4.04
91 107 4 1.41
91 112 3 2.87
91 123 1 4.96
91 124 2 2.49
91 125 3 4.49
91 146 1 2.03
92 2 4 0.54
92 3 4 0.27
92 6 3 4.89
92 10 1 2.21
92 12 3 4.73
92 13 2 3.96
92 16 3 2.10
92 20 1 0.74
92 25 4 0.75
92 31 4 4.32
92 39 2 0.62
92 45 2 0.36
92 46 4 4.79
92 50 3 1.37
92 59 1 0.16
92 60 3 1.37
92 64 2 4.83
92 66 4 0.35
92 67 1 4.44
92 69 4 4.87
92 71 3 4.09
92 79 3 3.46
92 83 4 0.82
92 86 4 3.49
92 87 3 1.78
92 91 2 0.81
92 94 4 3.66
92 99 1 0.83
92 101 4 1.09
92 103 2 4.94
92 117 3 4.10
92 141 2 1.52
92 143 3 2.11
92 148 3 4.23
93 2 3 1.37
93 17 3 0.45
93 28 4 0.22
93 30 4 0.48
93 35 4 0.72
93 44 1 4.99
93 46 2 3.82
93 49 4 4.38
93 53 4 3.51
93 69 2 3.39
93 102 3 4.73
93 104 4 2.02
93 117 2 2.08
93 120 1 4.56
93 126 1 1.72
93 128 2 0.59
93 130 4 3.17
93 137 3 1.15
93 138 1 0.37
93 140 1 4.20
93 143 4 3.14
93 144 2 0.33
93 149 3 1.33
94 4 3 3.04
94 6 4 4.25
94 7 4 0.71
94 13 1 1.04
94 22 1 3.33
94 25 2 1.54
94 26 4 1.83
94 33 4 0.06
94 34 1 1.74
94 36 1 2.30
94 39 2 1.77
94 40 1 3.33
94 43 1 0.29
94 46 2 2.92
94 52 2 0.40
94 60 4 1.93
94 61 4 0.96
94 62 2 4.40
94 64 3 2.47
94 66 2 4.78
94 78 3 2.56
94 83 1 0.60
94 87 3 0.17
94 88 3 2.49
94 90 1 2.26
94 93 2 1.23
94 96 3 1.42
94 105 2 4.55
94 106 1 3.45
94 110 3 2.70
94 117 1 0.19
94 119 2 2.86
94 123 1 0.98
94 125 3 3.32
94 127 1 3.38
94 128 3 2.30
94 129 3 1.81
94 134 4 1.18
94 143 4 0.35
94 144 3 1.22
94 149 1 3.24
95 2 3 2.76
95 4 3 3.99
95 13 3 2.98
95 23 1 1.30
95 24 3 4.13
95 31 4 4.77
95 33 1 2.70
95 36 3 4.92
95 51 2 2.95
95 57 4 3.83
95 62 1 2.41
95 66 4 1.67
95 72 4 3.76
95 76 2 4.75
95 81 4 2.30
95 86 1 0.44
95 90 4 0.57
95 93 1 3.23
95 97 2 4.22
95 105 4 3.60
95 108 4 0.58
95 109 3 2.44
95 110 1 1.58
95 111 1 0.79
95 117 1 4.28
95 120 2 3.29
95 121 2 4.99
95 123 4 0.88
96 2 3 3.68
96 12 2 2.59
96 17 4 0.40
96 46 2 2.08
96 48 4 4.32
96 51 2 1.25
96 69 2 0.83
96 75 4 3.66
96 91 3 1.55
96 92 1 2.83
96 99 1 0.11
96 103 3 0.63
96 104 2 4.17
96 107 4 2.92
96 110 4 2.15
96 112 1 2.23
96 125 3 3.45
96 145 3 1.24
96 146 3 4.09
97 1 4 4.00
97 4 2 1.51
97 7 4 0.22
97 23 4 1.29
97 28 4 0.23
97 36 3 4.67
97 49 1 2.84
97 57 3 1.56
97 88 1 0.46
97 93 1 0.36
97 105 4 0.22
97 106 2 4.92
97 117 4 1.62
97 130 4 0.86
97 134 1 4.11
97 137 2 1.59
97 139 3 0.84
97 144 3 3.65
98 7 2 3.60
98 18 2 1.64
98 21 3 0.92
98 23 3 1.52
98 26 2 4.80
98 28 4 3.33
98 41 1 0.25
98 42 4 3.48
98 50 4 2.86
98 64 1 1.93
98 71 4 3.00
98 74 4 4.93
98 76 4 2.11
98 77 1 0.49
98 88 1 4.30
98 94 3 4.10
98 95 2 2.47
98 97 3 2.69
98 105 2 2.85
98 112 3 4.34
98 117 2 3.32
98 118 2 1.48
98 119 3 4.62
98 121 1 2.76
98 125 1 0.42
98 127 4 0.03
98 132 4 0.35
98 148 1 0.46
99 5 4 2.11
99 6 4 2.54
99 9 2 0.61
99 33 4 1.28
99 43 4 1.98
99 54 4 0.16
99 60 4 0.13
99 62 1 4.17
99 67 1 2.95
99 75 3 0.63
99 77 1 2.65
99 86 2 2.42
99 87 4 0.43
99 103 1 2.69
99 107 3 3.26
99 108 3 3.18
99 110 2 4.23
99 123 2 0.80
99 143 4 4.69
99 145 1 3.96
100 18 1 4.68
100 22 4 1.88
100 29 2 2.70
100 45 3 4.51
100 48 4 0.87
100 49 4 0.03
100 71 1 4.64
100 74 1 4.94
100 75 2 1.04
100 77 1 1.52
100 88 4 2.71
100 91 4 0.67
100 98 1 3.08
100 107 1 0.19
100 108 4 4.36
100 109 2 3.26
100 110 1 0.80
100 124 3 1.40
100 129 3 0.01
100 132 2 3.76
100 141 2 0.82
101 2 1 2.49
101 3 3 2.43
101 4 4 2.30
101 7 3 0.91
101 10 2 2.05
101 19 4 4.48
101 22 4 3.69
101 24 4 1.96
101 26 3 0.92
101 27 1 4.45
101 34 1 4.10
101 36 2 0.58
101 45 1 3.11
101 46 3 2.35
101 55 3 4.90
101 56 1 4.94
101 57 2 3.67
101 61 2 3.78
101 64 1 0.98
101 66 1 0.01
101 69 2 3.82
101 79 1 3.37
101 81 1 3.31
101 84 2 3.38
101 88 3 4.22
101 93 3 3.97
101 94 4 4.45
101 95 4 4.57
101 103 4 1.29
101 107 1 3.21
101 117 4 3.58
101 120 1 0.78
101 126 3 4.57
101 127 1 3.91
101 144 1 2.64
101 145 1 2.79
102 2 1 3.01
102 4 1 2.25
102 10 2 3.42
102 11 1 4.86
102 14 4 0.67
102 20 1 3.98
102 25 3 4.18
102 30 2 0.01
102 31 4 0.57
102 39 1 3.82
102 46 4 4.06
102 48 1 2.71
102 55 2 0.07
102 59 3 1.67
102 60 1 2.80
102 69 4 4.48
102 70 4 2.11
102 75 3 1.25
102 85 4 1.94
102 86 1 3.36
102 88 2 2.40
102 90 4 0.86
102 92 1 2.31
102 94 4 3.47
102 103 2 4.94
102 106 2 3.42
102 110 3 2.57
102 141 3 2.19
102 145 3 0.34
102 147 2 4.14
103 6 3 4.60
103 10 1 4.16
103 12 2 2.85
103 13 1 0.37
103 25 2 3.74
103 30 1 0.79
103 39 4 3.46
103 55 1 3.73
103 60 1 3.37
103 66 1 1.50
103 73 2 4.59
103 83 1 4.75
103 85 1 3.46
103 94 1 4.75
103 107 2 0.60
103 108 2 2.74
103 138 3 3.94
103 141 2 1.36
103 147 4 0.96
104 2 2 3.91
104 3 3 3.35
104 4 1 1.64
104 14 3 2.48
104 25 3 4.41
104 35 4 3.44
104 44 4 0.94
104 45 4 2.22
104 46 3 3.84
104 51 3 2.22
104 64 2 1.00
104 65 4 0.56
104 68 3 4.30
104 77 3 4.98
104 83 3 0.81
104 84 4 3.08
104 85 4 1.88
104 86 3 2.91
104 88 1 3.96
104 95 4 3.10
104 101 1 1.53
104 102 2 1.26
104 103 3 2.63
104 106 4 3.50
104 111 4 4.88
104 123 1 2.55
104 126 2 4.93
104 128 3 1.78
104 138 3 2.93
104 140 1 2.22
105 3 4 4.17
105 4 1 0.72
105 5 1 4.64
105 7 1 1.94
105 18 1 3.92
105 25 3 1.19
105 34 1 4.13
105 36 2 2.98
105 51 4 2.10
105 62 2 0.89
105 72 1 2.22
105 101 3 0.78
105 104 2 3.97
105 107 4 2.49
105 121 3 3.12
105 135 3 4.73
105 140 3 0.43
105 141 1 2.16
105 142 1 2.53
105 149 4 1.19
106 0 4 3.72
106 1 3 4.01
106 3 4 3.90
106 5 2 3.84
106 13 3 3.13
106 32 4 4.93
106 39 4 2.20
106 43 3 1.97
106 49 1 4.77
106 52 1 0.10
106 57 2 4.41
106 61 3 2.99
106 64 3 1.31
106 65 2 4.88
106 68 4 3.03
106 80 2 4.40
106 81 4 2.97
106 83 3 3.16
106 85 4 0.36
106 90 2 4.34
106 92 2 0.60
106 93 2 4.04
106 98 1 4.30
106 101 3 1.84
106 105 1 1.43
106 109 2 3.25
106 119 4 0.04
106 120 1 0.35
106 130 3 1.81
106 134 1 2.52
106 139 4 2.14
106 142 4 1.31
106 144 4 4.20
107 2 3 1.91
107 4 4 2.78
107 12 4 4.89
107 15 1 3.40
107 22 1 4.44
107 25 2 1.56
107 27 4 2.49
107 31 3 2.00
107 43 3 0.73
107 48 1 1.44
107 50 2 3.97
107 51 4 3.32
107 60 1 2.28
107 64 1 4.01
107 66 4 0.82
107 68 4 2.56
107 82 3 0.93
107 86 1 0.55
107 92 4 1.48
107 94 1 4.96
107 98 1 0.74
107 104 1 1.63
107 106 2 2.05
107 108 3 2.62
107 119 1 2.67
107 121 4 4.19
107 123 3 3.38
107 125 2 1.57
107 127 4 4.50
107 130 1 2.39
107 139 1 1.50
108 5 1 0.88
108 7 3 3.96
108 10 2 2.39
108 15 1 3.68
108 26 1 2.16
108 31 2 3.53
108 33 1 1.91
108 39 2 3.32
108 55 2 4.29
108 64 2 2.25
108 65 3 2.73
108 67 4 2.76
108 69 3 2.01
108 72 3 0.86
108 73 3 1.91
108 75 2 0.52
108 77 2 4.99
108 79 4 1.36
108 81 1 2.68
108 92 2 4.34
108 96 3 2.75
108 101 2 3.98
108 102 2 3.90
108 106 1 4.45
108 109 3 3.75
108 131 2 2.35
108 143 1 1.29
108 147 3 0.56
109 0 4 4.51
109 2 3 1.26
109 3 1 1.51
109 7 1 4.33
109 20 1 4.41
109 26 2 1.88
109 42 2 0.64
109 49 4 3.56
109 55 2 1.18
109 59 4 3.06
109 61 4 1.14
109 71 2 0.55
109 75 4 4.02
109 82 4 2.84
109 88 2 2.43
109 91 3 0.57
109 94 3 0.42
109 96 1 4.50
109 101 4 2.71
109 102 3 0.08
109 107 1 2.58
109 110 2 4.81
109 112 2 4.80
109 125 2 4.92
109 126 1 1.33
109 129 2 1.32
109 148 1 1.55
110 3 3 3.81
110 4 3 0.91
110 6 3 4.91
110 12 4 2.16
110 13 2 2.48
110 25 4 0.94
110 33 1 2.87
110 37 2 2.99
110 45 2 2.12
110 54 4 2.09
110 56 3 0.35
110 60 4 3.23
110 61 4 2.21
110 64 1 2.31
110 67 3 3.85
110 70 3 0.57
110 76 4 4.66
110 81 4 3.99
110 83 3 1.64
110 88 4 1.56
110 91 4 0.69
110 101 4 2.66
110 119 4 4.39
110 126 3 4.92
110 148 2 0.36
111 2 4 0.61
111 3 3 4.58
111 7 1 0.45
111 12 3 4.24
111 17 1 2.87
111 18 4 0.50
111 21 1 1.87
111 25 3 0.36
111 29 4 4.50
111 38 1 4.49
111 39 4 2.93
111 40 4 3.91
111 46 1 2.82
111 48 4 3.24
111 50 4 2.92
111 55 3 4.60
111 60 2 4.42
111 62 3 4.81
111 66 1 1.20
111 68 4 4.52
111 75 1 2.57
111 88 2 4.64
111 98 2 1.43
111 102 4 4.22
111 107 2 4.74
111 114 3 3.45
111 125 3 0.90
111 134 1 3.47
111 148 4 2.61
111 149 2 4.87
112 0 2 0.87
112 4 1 1.70
112 6 3 2.36
112 10 2 2.49
112 12 1 1.08
112 15 3 3.27
112 16 1 3.45
112 20 3 2.04
112 24 3 3.36
112 39 3 4.91
112 42 3 0.32
112 43 4 2.98
112 48 2 4.30
112 49 3 1.22
112 50 4 4.24
112 56 3 3.32
112 57 4 2.21
112 60 4 0.84
112 65 4 1.69
112 69 3 0.23
112 71 4 3.58
112 85 4 1.96
112 86 2 4.89
112 87 4 0.61
112 88 4 3.52
112 95 2 3.43
112 102 2 2.99
112 104 1 3.11
112 108 1 3.43
112 110 2 3.00
112 136 1 2.59
112 139 2 1.66
112 147 2 2.51
112 148 4 2.62
113 10 2 3.43
113 11 2 2.58
113 13 4 2.09
113 15 2 1.41
113 17 3 0.09
113 19 3 0.43
113 43 4 0.77
113 54 4 3.35
113 64 1 1.49
113 67 3 3.08
113 69 1 0.88
113 87 3 3.48
113 90 3 2.69
113 92 1 2.10
113 96 3 4.11
113 99 3 0.16
113 102 1 0.92
113 109 1 2.41
113 110 3 4.46
113 123 2 1.07
114 5 4 4.51
114 7 1 2.10
114 9 1 1.76
114 10 3 1.51
114 25 2 1.84
114 27 3 1.68
114 30 1 2.34
114 34 2 0.99
114 44 4 2.55
114 49 1 0.01
114 63 4 0.14
114 68 3 4.40
114 78 3 0.25
114 93 1 0.66
114 94 4 2.97
114 101 1 2.73
114 105 1 0.31
114 116 4 0.29
114 117 2 1.48
114 118 2 4.29
114 123 3 1.13
114 130 3 2.42
114 137 1 2.70
114 138 3 2.64
114 139 2 0.06
114 140 1 1.31
114 148 2 3.08
115 1 1 1.74
115 18 2 2.61
115 31 3 4.90
115 34 4 3.29
115 41 1 2.52
115 49 1 4.70
115 89 3 2.15
115 98 1 1.86
115 105 4 1.86
115 106 1 2.04
115 121 4 0.69
115 133 1 4.40
115 139 2 2.38
115 149 3 3.38
116 2 2 3.62
116 3 3 4.20
116 7 3 1.91
116 9 3 1.16
116 10 4 1.25
116 11 3 3.78
116 13 1 2.69
116 25 4 3.19
116 36 3 2.52
116 45 2 4.54
116 54 4 2.96
116 55 3 1.02
116 59 2 3.54
116 70 4 4.09
116 73 1 1.28
116 76 4 3.58
116 77 3 0.95
116 83 2 0.51
116 86 4 0.91
116 93 2 2.13
116 94 2 3.42
116 95 1 4.66
116 96 1 1.45
116 99 1 2.54
116 102 4 2.83
116 113 3 3.68
116 123 3 0.46
116 126 3 1.39
116 128 1 3.28
116 138 4 3.68
116 146 2 0.00
117 24 2 1.09
117 31 1 2.27
117 38 3 4.54
117 52 2 1.36
117 53 4 2.39
117 56 1 1.33
117 64 4 4.69
117 79 1 0.77
117 81 3 0.34
117 85 1 2.86
117 100 3 4.22
117 104 3 3.21
117 105 4 3.22
117 106 2 4.44
117 129 1 1.95
117 134 2 3.53
117 137 4 4.20
118 4 2 2.14
118 8 3 2.32
118 23 1 4.21
118 28 1 1.67
118 32 4 3.54
118 34 3 4.46
118 41 1 3.36
118 47 2 3.28
118 49 2 4.06
118 57 3 4.28
118 62 4 2.96
118 76 4 4.26
118 80 3 2.79
118 97 1 1.61
118 106 3 2.94
118 121 4 1.87
118 126 1 0.58
118 133 4 0.67
118 137 2 2.22
118 142 3 0.03
119 8 3 1.45
119 31 1 4.87
119 33 3 3.88
119 49 1 3.28
119 50 3 1.47
119 59 1 2.77
119 61 4 2.22
119 82 1 3.50
119 88 1 3.78
119 92 1 2.91
119 100 4 1.96
119 109 1 1.88
119 112 2 4.35
119 117 2 1.84
119 129 2 1.24
120 21 1 3.79
120 28 1 4.88
120 30 1 3.03
120 39 4 1.27
120 40 1 3.25
120 48 2 3.11
120 59 4 1.33
120 68 3 3.25
120 99 2 1.46
120 102 3 0.60
120 103 4 0.73
120 105 2 3.59
120 116 4 0.27
120 137 1 2.75
120 143 1 3.78
121 4 3 2.34
121 8 1 0.87
121 28 3 1.89
121 34 4 0.54
121 35 4 1.03
121 36 4 3.61
121 51 2 0.22
121 52 1 3.28
121 53 1 3.81
121 61 3 4.95
121 62 3 2.50
121 72 3 2.31
121 76 4 4.77
121 80 2 0.04
121 83 4 3.66
121 94 1 1.98
121 106 3 4.03
121 111 3 0.93
121 112 4 0.46
121 117 3 2.26
121 126 4 2.73
121 128 2 4.54
121 133 1 2.35
121 135 3 0.35
121 136 2 4.13
121 137 4 2.74
121 141 3 3.91
121 144 4 1.50
121 149 4 2.15
122 3 1 4.63
122 9 2 3.99
122 14 4 0.71
122 36 4 3.96
122 66 1 0.54
122 78 3 3.15
122 84 4 4.80
122 105 2 3.63
122 114 2 4.14
122 116 4 0.16
122 120 1 1.39
122 123 1 0.41
122 128 4 3.65
122 138 4 0.33
123 2 4 3.33
123 5 2 0.90
123 7 1 0.25
123 14 3 3.68
123 17 1 4.98
123 19 1 1.97
123 20 1 4.18
123 25 2 0.62
123 46 2 0.94
123 69 1 3.13
123 76 4 1.52
123 78 3 1.34
123 83 4 2.61
123 96 3 3.63
123 102 4 2.64
123 103 2 3.79
123 106 3 2.17
123 111 2 0.43
123 117 4 4.03
123 143 4 1.46
123 144 4 0.39
124 56 2 2.59
124 58 2 4.87
124 74 2 3.88
124 82 1 2.72
124 86 3 2.09
124 88 4 1.22
124 92 1 0.46
124 109 1 1.45
124 129 1 4.04
125 3 4 0.25
125 10 2 4.61
125 13 2 4.34
125 16 3 1.22
125 18 1 0.77
125 22 2 1.38
125 24 4 2.00
125 31 3 1.24
125 33 2 0.56
125 37 4 2.80
125 38 4 1.39
125 43 2 4.99
125 59 3 2.46
125 65 2 1.87
125 66 1 3.78
125 76 3 4.84
125 83 4 0.67
125 90 4 1.63
125 92 3 3.26
125 95 4 2.67
125 102 1 2.94
125 108 4 1.17
125 114 4 3.08
125 121 3 2.49
125 124 1 4.96
125 132 1 0.73
125 147 4 2.44
126 0 2 2.45
126 5 2 3.19
126 7 3 3.60
126 17 2 1.04
126 18 3 3.14
126 26 3 4.07
126 31 3 1.36
126 32 3 1.51
126 36 1 2.76
126 39 4 4.53
126 49 1 2.69
126 51 4 4.36
126 66 1 4.40
126 84 1 0.80
126 89 1 0.32
126 95 2 0.42
126 98 2 0.54
126 102 3 0.68
126 105 2 0.73
126 106 2 1.85
126 111 4 1.33
126 112 1 4.11
126 114 2 0.95
126 123 4 1.21
126 125 1 1.92
126 130 2 3.73
126 134 3 0.76
126 135 1 2.97
126 138 3 2.86
126 144 3 4.19
126 145 3 1.22
126 148 3 3.57
127 0 4 1.82
127 1 2 0.06
127 7 4 2.17
127 21 4 3.37
127 32 3 3.40
127 39 1 3.41
127 47 4 4.97
127 63 2 2.79
127 65 4 2.36
127 80 2 2.60
127 93 4 3.15
127 106 2 2.99
127 111 3 2.12
127 112 2 4.30
127 114 1 1.09
127 117 2 3.36
127 126 4 4.51
127 134 4 0.63
127 139 2 0.01
127 142 4 0.63
128 4 2 1.38
128 17 1 4.67
128 21 4 4.46
128 39 2 0.05
128 46 3 3.26
128 62 3 3.47
128 64 4 0.97
128 70 4 1.43
128 76 2 4.93
128 84 1 4.83
128 103 1 4.98
128 105 4 3.53
128 108 1 2.90
128 111 1 2.14
128 114 2 1.54
128 117 2 3.88
128 120 2 3.74
128 123 4 1.57
128 126 3 2.74
128 144 3 1.04
129 7 1 2.41
129 27 3 4.02
129 31 4 4.67
129 33 4 1.91
129 34 3 2.63
129 37 4 3.82
129 41 2 3.29
129 45 1 3.54
129 61 2 3.49
129 63 1 3.15
129 88 1 1.80
129 92 4 4.74
129 95 1 2.23
129 98 3 0.89
129 110 4 4.58
129 125 1 3.60
129 139 3 2.76
129 148 1 1.46
130 1 1 1.56
130 7 4 3.96
130 27 1 0.96
130 28 2 1.69
130 32 4 3.96
130 62 1 2.01
130 63 1 4.86
130 72 2 4.37
130 76 3 1.47
130 80 3 0.24
130 98 1 4.08
130 117 1 3.01
130 121 4 2.00
130 127 2 2.10
130 129 3 2.72
130 134 1 3.81
130 136 2 0.08
130 137 4 1.96
130 144 1 0.64
131 2 2 4.29
131 20 3 0.97
131 43 2 2.26
131 54 4 0.12
131 59 2 3.19
131 60 3 2.07
131 64 2 3.19
131 66 3 2.24
131 90 2 3.80
131 96 2 3.97
131 99 3 4.71
131 102 2 1.91
131 103 1 4.68
131 110 1 1.40
131 113 1 2.67
131 116 4 2.54
131 146 3 2.89
131 147 4 4.22
132 16 2 1.78
132 29 4 1.36
132 43 1 2.82
132 50 4 4.90
132 57 2 0.60
132 79 1 2.84
132 86 1 1.38
132 92 2 0.40
132 109 4 3.47
132 112 3 4.14
132 124 2 3.59
132 134 2 0.08
133 0 1 1.27
133 18 3 3.60
133 32 1 3.61
133 47 4 1.64
133 49 2 1.95
133 80 1 2.42
133 97 3 2.01
133 98 2 4.48
133 105 3 3.82
133 106 2 3.55
133 135 2 3.81
134 29 4 2.84
134 34 4 0.76
134 38 4 4.92
134 41 2 2.92
134 45 3 4.86
134 51 1 0.37
134 63 4 1.76
134 64 3 4.48
134 71 1 2.03
134 72 3 1.45
134 92 1 1.86
134 100 4 0.49
134 107 2 0.80
134 110 1 3.51
134 119 1 4.53
134 124 1 1.41
134 135 3 1.95
134 141 2 3.78
135 7 4 1.63
135 18 3 2.04
135 23 4 4.69
135 31 4 2.84
135 32 4 1.59
135 61 4 0.57
135 98 4 2.23
135 118 3 3.67
135 119 2 3.92
135 129 1 4.93
135 130 3 3.06
135 136 3 1.58
135 139 2 5.00
135 142 4 1.11
135 149 4 1.04
136 1 2 1.38
136 18 2 0.10
136 32 3 2.55
136 36 1 2.90
136 63 3 3.87
136 80 3 2.93
136 94 3 4.31
136 97 2 4.36
136 107 1 4.07
136 114 2 0.08
136 125 2 2.44
136 127 3 1.88
136 134 1 4.06
136 142 3 2.23
136 149 4 3.85
137 3 3 3.63
137 5 3 4.57
137 14 2 3.49
137 28 3 4.10
137 47 3 2.88
137 76 2 2.64
137 77 1 2.59
137 106 3 0.23
137 127 1 4.41
137 142 3 4.81
137 144 3 1.68
138 5 1 4.74
138 9 3 1.17
138 10 2 2.07
138 12 2 1.10
138 14 4 2.58
138 36 2 4.00
138 39 4 4.37
138 44 4 4.55
138 46 3 0.17
138 48 3 0.61
138 52 2 1.34
138 53 4 2.49
138 65 3 1.92
138 69 3 3.88
138 70 4 0.06
138 76 1 2.83
138 83 3 1.90
138 85 1 3.30
138 94 1 0.03
138 101 4 2.74
138 102 4 2.38
138 105 3 1.32
138 120 3 0.57
138 123 4 1.46
138 128 2 0.98
139 1 1 4.68
139 4 1 3.54
139 7 3 3.90
139 21 1 2.55
139 31 1 2.25
139 34 2 0.52
139 38 4 4.95
139 77 1 1.14
139 80 2 2.72
139 88 2 4.24
139 95 2 3.48
139 98 1 0.33
139 105 2 0.60
139 117 3 3.61
139 118 4 3.75
139 133 4 1.95
139 137 1 4.06
140 39 4 3.67
140 40 4 0.47
140 46 2 1.07
140 52 3 3.24
140 62 2 4.65
140 65 1 1.82
140 78 2 3.01
140 84 2 2.57
140 126 2 3.76
140 137 2 4.83
141 3 3 0.26
141 4 3 3.70
141 5 1 1.70
141 10 2 4.92
141 12 1 3.10
141 13 1 2.05
141 20 4 3.90
141 21 4 4.49
141 27 3 0.05
141 31 3 3.53
141 38 3 4.20
141 43 2 4.29
141 45 2 4.79
141 47 1 0.72
141 52 2 2.76
141 54 4 2.03
141 55 1 1.84
141 56 4 1.25
141 59 1 0.90
141 60 3 1.08
141 75 3 3.47
141 77 3 2.88
141 78 1 3.46
141 79 3 2.78
141 81 1 3.68
141 87 1 2.48
141 90 2 2.37
141 93 4 1.12
141 95 2 1.38
141 96 4 0.78
141 99 2 0.23
141 101 4 1.98
141 110 2 0.58
141 111 1 2.49
141 112 3 1.63
141 114 1 0.52
141 117 4 0.20
141 120 3 3.06
141 125 3 1.36
141 128 4 0.46
141 129 4 1.80
141 136 3 4.36
141 137 4 4.20
141 140 4 4.51
142 1 2 4.41
142 21 3 0.61
142 27 3 1.83
142 28 3 2.87
142 31 1 3.95
142 41 4 0.72
142 89 4 2.43
142 98 3 4.29
142 117 1 4.86
142 129 3 2.30
142 130 3 4.78
142 133 1 4.27
142 134 1 0.39
143 4 3 1.20
143 5 3 1.27
143 9 4 0.93
143 10 4 2.75
143 13 3 1.98
143 26 4 2.13
143 36 2 4.06
143 40 4 1.68
143 54 4 2.68
143 65 2 1.19
143 66 3 2.17
143 69 4 3.14
143 73 4 0.08
143 75 2 4.45
143 77 2 2.72
143 86 4 0.33
143 88 4 4.53
143 96 1 2.37
143 101 3 2.50
143 109 4 0.63
143 110 2 1.53
143 111 3 0.70
143 112 1 3.93
143 114 2 3.78
143 116 1 1.18
143 125 4 2.56
143 131 2 0.62
143 138 1 2.41
143 146 4 1.17
143 147 3 3.45
144 4 2 1.85
144 7 3 0.62
144 31 2 2.18
144 35 4 1.88
144 65 1 3.27
144 68 3 4.67
144 76 3 4.43
144 81 1 2.38
144 83 4 2.21
144 89 4 1.41
144 104 3 2.53
144 114 1 2.74
144 117 2 3.68
144 120 1 1.44
144 138 2 1.10
145 35 4 1.97
145 40 3 0.64
145 62 1 3.17
145 66 1 0.20
145 69 2 3.27
145 70 1 2.05
145 72 4 0.45
145 73 4 0.21
145 75 1 3.60
145 77 4 1.04
145 81 1 3.23
145 84 4 4.02
145 86 2 2.10
145 94 1 2.25
145 111 1 4.12
145 113 4 0.15
145 116 1 3.89
145 122 3 4.51
145 123 3 3.66
145 143 4 2.89
145 148 3 0.51
146 13 3 1.94
146 15 1 3.25
146 19 2 4.96
146 33 3 2.09
146 40 3 3.57
146 73 3 2.52
146 75 3 0.59
146 84 1 0.81
146 87 4 3.50
146 102 1 4.24
146 110 4 4.99
146 145 3 3.09
147 13 1 1.85
147 56 4 4.09
147 66 2 1.49
147 67 4 2.99
147 90 2 0.49
147 92 4 2.50
147 96 4 2.38
147 101 4 4.78
147 104 1 1.42
147 107 1 2.65
147 110 4 2.62
147 116 1 2.38
147 145 1 2.16
147 146 3 0.66
148 3 3 1.98
148 6 1 1.88
148 12 3 1.38
148 17 2 2.42
148 20 2 2.82
148 21 3 4.15
148 24 4 2.66
148 29 3 4.68
148 34 4 2.52
148 36 4 0.13
148 38 2 1.59
148 43 1 1.78
148 50 1 4.06
148 56 2 0.09
148 61 4 1.75
148 62 2 0.08
148 64 3 3.12
148 67 4 2.59
148 68 1 0.30
148 72 3 3.51
148 74 1 4.22
148 76 2 4.49
148 77 4 2.04
148 84 4 3.31
148 85 4 0.32
148 93 3 4.19
148 99 1 0.23
148 100 2 4.63
148 101 2 1.28
148 103 4 2.43
148 104 4 3.65
148 106 4 1.82
148 107 3 4.78
148 121 4 1.41
148 123 4 1.56
148 128 3 4.34
148 132 4 3.04
148 141 1 0.69
149 7 4 1.06
149 23 2 0.89
149 25 4 0.16
149 28 3 4.81
149 36 4 4.10
149 59 4 1.44
149 62 4 0.22
149 64 3 3.55
149 76 2 0.45
149 80 2 4.38
149 107 3 1.27
149 112 3 2.00
149 117 2 0.73
149 126 3 2.05
149 134 1 4.29
149 137 2 1.36
149 139 1 2.93
149 141 2 2.33
149 142 2 4.87
