0 29 72 47.47
0 64 74 37.54
0 118 31 36.40
0 132 89 9.96
0 230 59 21.65
0 250 19 35.44
0 263 34 4.60
1 167 87 45.06
1 212 54 14.90
1 221 72 16.56
2 205 71 1.08
3 8 16 35.49
3 45 89 43.01
4 76 76 24.84
4 98 42 27.26
5 100 67 3.87
5 103 114 36.43
5 272 109 34.87
6 62 16 8.83
6 139 25 44.56
6 217 42 48.70
7 67 69 5.41
7 290 13 19.55
9 94 5 25.44
9 101 88 26.71
9 170 24 0.78
9 249 34 23.44
10 81 109 25.29
10 82 16 20.20
10 134 91 26.11
10 253 127 12.24
11 52 88 33.36
11 179 79 30.45
12 236 85 34.89
13 148 125 39.60
14 91 4 22.55
14 104 7 43.08
14 165 29 7.02
14 236 96 42.24
14 275 98 27.11
15 54 99 49.18
15 84 4 14.05
15 208 38 43.41
17 9 31 0.64
18 193 4 29.11
18 257 104 37.82
18 296 90 40.58
20 53 101 2.99
20 165 121 30.51
21 285 23 44.58
22 133 65 42.53
22 273 108 17.47
23 100 91 48.51
23 177 108 14.61
23 272 105 44.27
23 286 53 29.12
25 236 50 26.91
25 242 60 26.79
25 261 32 3.53
26 223 4 43.27
26 224 39 22.95
27 53 8 49.21
27 291 113 46.42
28 156 1 26.46
28 162 75 9.55
28 292 5 7.13
29 237 61 38.84
30 129 67 18.10
30 161 64 42.28
30 175 128 38.71
30 191 87 0.38
31 252 30 24.18
31 277 6 39.56
31 278 93 13.03
32 109 5 26.00
32 203 127 32.51
32 247 41 8.95
33 17 26 37.75
33 60 16 2.40
33 120 106 13.21
34 142 47 43.36
35 56 39 39.64
35 288 124 2.96
36 102 34 39.13
36 138 82 47.05
36 210 29 22.24
37 47 87 8.36
37 83 79 25.10
38 139 30 12.56
38 160 63 7.75
38 186 32 19.69
38 188 113 36.49
39 207 52 0.34
39 215 42 21.83
40 124 18 30.10
40 187 36 37.29
41 8 74 44.38
41 64 79 38.71
41 199 99 34.88
42 35 112 1.28
42 56 29 13.74
42 98 84 27.25
42 145 113 38.04
42 164 114 42.95
42 201 88 40.11
43 74 43 6.12
43 75 96 5.95
43 161 10 31.76
43 191 105 12.41
43 196 4 44.83
44 79 81 0.08
44 217 98 42.72
44 270 25 16.60
45 1 44 13.29
45 8 36 6.18
45 199 70 15.22
45 263 21 0.74
45 271 53 29.51
46 12 90 17.79
46 25 13 49.80
47 83 99 40.24
47 198 37 6.75
48 58 120 36.33
48 89 63 42.48
48 128 119 19.58
49 66 11 27.69
49 152 103 45.43
49 292 115 5.54
50 135 81 45.19
50 297 51 16.25
51 256 82 6.11
52 179 57 41.03
52 242 86 3.56
53 157 113 29.50
53 165 115 25.63
53 266 78 26.53
54 30 115 1.69
54 129 58 23.53
54 175 19 17.51
55 16 9 3.29
55 160 88 14.85
56 145 27 38.22
56 288 91 21.44
57 121 86 38.82
57 166 75 8.19
57 289 1 42.41
59 163 107 45.91
59 180 50 8.63
59 227 30 38.27
59 244 81 11.06
59 269 109 46.96
60 44 32 39.18
60 79 71 16.23
61 49 64 8.72
61 130 13 21.50
61 285 128 29.09
62 139 14 15.31
62 182 66 15.34
62 253 53 49.19
63 118 101 8.62
63 122 48 18.75
64 167 80 9.17
64 219 90 18.96
64 263 39 34.31
65 20 61 43.66
65 147 103 16.96
65 266 81 13.09
66 22 106 32.50
66 28 100 49.17
66 126 18 38.99
66 178 74 22.51
66 248 104 47.06
66 292 104 44.60
67 197 76 43.05
67 255 47 45.36
67 290 99 32.51
68 23 73 23.05
68 179 60 43.74
70 277 34 39.16
71 5 69 42.96
71 23 41 45.39
71 103 25 8.03
71 123 19 32.47
71 163 112 4.62
71 245 29 3.32
72 63 128 34.87
72 219 67 9.65
72 246 14 4.00
72 250 18 15.34
73 54 107 2.40
73 208 9 48.81
74 30 111 25.74
75 30 59 2.37
76 56 106 29.07
76 98 75 4.17
77 17 13 45.60
77 18 13 21.57
77 193 122 46.44
77 296 54 27.71
78 32 2 32.90
78 109 107 45.86
78 181 17 10.47
78 203 92 23.87
78 231 119 49.57
79 10 62 5.59
80 56 12 16.21
80 72 76 43.21
81 62 63 42.67
81 134 95 6.95
81 171 69 4.79
81 241 114 6.31
82 62 82 14.28
82 171 19 15.79
82 215 86 39.83
82 258 18 11.16
84 129 117 30.35
84 251 69 41.45
85 86 65 4.22
85 124 87 3.67
85 187 39 31.34
87 44 53 4.70
87 60 50 1.76
87 174 90 21.48
87 270 93 28.14
88 189 50 26.90
88 215 8 14.80
88 253 57 24.54
89 58 25 18.09
89 169 57 22.11
90 146 102 23.88
90 189 109 2.59
91 20 65 8.76
91 114 20 39.52
92 228 28 6.13
93 116 41 40.34
93 222 31 8.00
95 94 118 35.46
95 297 114 28.34
96 262 7 23.69
96 294 20 1.78
97 88 43 32.24
97 202 97 6.99
98 56 78 42.55
100 71 78 34.60
100 103 51 22.17
100 213 2 6.65
101 33 62 39.91
101 95 65 7.08
101 120 24 12.42
102 220 93 0.79
102 276 124 29.79
103 23 20 7.93
103 123 91 0.66
103 213 27 13.73
103 269 88 32.29
103 272 30 5.24
104 65 114 46.28
104 143 53 38.55
104 260 31 45.26
105 206 81 28.70
106 87 51 36.88
106 120 40 32.34
106 209 100 19.32
107 181 80 24.65
107 248 123 49.66
108 140 14 35.53
110 250 91 31.60
110 280 96 23.89
111 95 1 8.06
111 223 67 45.90
111 290 48 16.36
112 11 100 3.69
112 239 6 45.28
113 27 48 19.02
113 125 123 17.02
113 265 50 36.47
114 65 89 16.57
114 104 10 25.49
114 260 43 26.36
114 275 121 11.82
115 64 68 2.04
115 230 12 3.79
115 287 107 6.12
116 19 33 45.68
117 42 121 25.92
117 56 76 18.31
118 72 113 35.71
118 117 113 23.92
118 287 49 30.39
119 24 33 9.83
119 218 122 31.95
119 293 118 22.75
121 268 76 32.85
122 115 59 29.07
122 118 34 0.18
123 59 99 1.93
123 196 79 1.42
123 272 16 45.53
124 86 22 49.41
124 95 22 12.12
124 264 56 18.07
125 61 50 1.33
125 283 5 31.65
127 74 69 42.74
127 105 116 1.95
128 169 95 23.61
129 15 90 45.25
129 43 116 23.88
129 73 90 11.70
129 74 7 4.75
129 127 42 49.12
129 161 84 48.15
129 191 86 19.53
130 113 34 17.56
130 151 97 35.52
130 229 44 34.41
133 49 107 27.79
133 152 99 11.32
133 172 111 3.83
133 178 112 45.15
133 292 43 34.56
134 82 85 16.57
134 139 101 16.12
134 207 127 17.01
135 223 4 22.06
137 38 17 37.29
137 218 47 35.62
138 102 18 10.74
138 274 12 11.22
138 276 59 36.05
139 82 20 25.91
139 186 2 14.16
139 192 125 29.34
139 217 76 43.40
140 169 111 12.60
141 225 88 32.23
142 121 80 28.10
142 141 39 1.69
142 268 63 43.60
144 154 51 13.70
144 256 104 16.04
144 295 105 20.58
145 80 123 0.75
146 159 72 35.20
146 162 100 39.39
146 189 67 15.66
147 104 109 23.72
148 38 122 36.95
148 182 63 28.34
148 186 17 1.54
150 2 91 11.96
150 32 103 31.05
151 113 6 42.13
151 283 71 22.87
152 22 64 21.12
152 172 67 19.52
152 292 81 11.32
154 174 112 49.36
154 192 113 45.12
154 257 90 19.09
155 274 91 40.89
156 239 103 33.43
157 158 113 26.51
159 162 75 42.78
159 189 94 38.95
160 6 75 13.56
160 139 124 14.93
160 186 2 29.43
162 126 64 41.90
162 152 16 46.05
162 172 78 43.34
162 178 53 25.44
162 292 12 12.86
163 196 85 27.26
163 227 114 23.78
163 244 22 34.65
163 272 119 0.55
165 158 109 19.20
165 260 27 27.63
165 261 18 21.38
167 45 102 30.44
167 115 10 38.98
167 122 36 17.65
167 263 86 22.17
168 190 48 4.81
169 213 5 27.94
170 85 35 38.50
170 94 82 3.15
170 124 55 47.51
171 10 36 32.08
171 134 93 46.62
171 139 37 32.90
171 217 31 47.39
171 253 108 38.18
172 22 37 10.66
173 25 57 18.98
173 242 117 20.00
174 171 78 6.26
174 270 88 44.86
175 15 5 48.82
175 73 55 21.04
175 84 18 33.52
175 129 122 19.94
175 243 40 45.34
176 19 14 16.32
176 116 16 47.06
176 260 23 21.57
176 266 24 18.11
177 112 19 27.72
178 49 57 6.71
179 23 16 45.77
180 163 102 49.01
180 196 66 15.82
180 244 29 23.99
180 272 8 7.91
181 202 110 3.17
181 203 41 46.59
182 38 34 27.48
182 134 101 0.75
182 137 112 29.42
182 200 93 30.23
182 207 73 4.68
183 7 63 25.65
183 19 66 24.32
183 113 91 26.69
184 24 22 11.44
184 119 1 34.70
184 241 70 37.20
184 294 120 15.83
185 82 62 40.33
185 217 97 36.15
186 13 83 29.00
187 86 22 27.99
188 148 64 10.01
188 186 66 24.57
188 276 32 1.16
190 135 25 28.78
190 149 82 21.98
190 267 69 36.09
191 161 24 6.47
193 249 2 14.97
193 296 95 25.35
194 153 67 4.31
195 168 44 42.32
195 190 118 2.30
195 233 28 22.96
196 75 101 36.49
197 26 4 2.02
197 50 49 28.36
197 111 16 41.85
197 290 89 2.65
198 242 50 8.10
198 261 103 20.66
199 167 117 49.75
199 212 38 4.52
200 24 40 49.64
200 96 124 2.55
200 184 99 23.47
200 262 70 41.16
201 98 128 2.21
201 145 56 28.17
201 288 11 36.24
202 78 100 29.32
202 107 111 47.72
204 2 123 42.45
204 32 109 6.54
205 150 26 2.15
205 204 53 36.31
205 280 101 40.70
206 15 33 19.66
206 243 110 0.32
206 251 7 19.21
207 24 126 35.40
207 200 29 11.62
207 240 1 41.18
208 84 95 4.97
209 87 94 33.51
210 102 73 49.41
210 188 6 6.68
210 274 125 29.60
211 63 51 23.72
211 219 120 18.65
211 246 31 22.38
212 45 21 3.41
212 167 47 43.99
213 89 64 33.95
213 245 126 15.22
214 34 107 5.71
214 121 117 14.94
214 142 73 11.28
215 97 81 26.06
215 134 110 26.42
215 185 76 29.19
215 241 24 4.38
215 253 47 22.02
216 88 2 44.41
216 97 70 7.21
216 146 50 32.02
217 10 46 40.22
217 82 106 16.24
217 174 1 44.79
217 215 96 13.21
217 258 116 24.37
218 102 53 29.55
218 200 80 11.59
219 29 86 21.12
219 115 77 39.31
219 118 68 42.26
220 36 7 34.51
220 210 117 30.70
220 214 123 43.55
221 199 36 36.39
221 212 35 15.54
222 19 7 29.37
222 176 92 22.74
222 238 126 9.79
223 290 53 21.46
224 21 40 41.10
224 94 119 24.01
224 111 22 34.49
224 197 121 25.00
224 229 78 12.29
224 297 65 15.09
225 121 27 8.89
225 153 56 47.77
225 214 20 35.49
226 149 126 4.70
227 180 24 41.12
227 196 8 40.17
227 244 101 1.08
228 70 47 4.82
228 105 69 36.64
228 150 33 28.23
228 204 106 35.55
229 151 111 48.32
230 64 72 29.96
230 132 36 28.07
230 259 69 26.71
230 263 103 21.97
231 204 111 27.84
231 278 112 17.82
232 22 109 46.73
232 49 50 16.01
232 125 22 36.54
232 130 28 2.36
232 152 5 4.45
234 36 4 47.18
234 138 113 15.19
234 200 68 10.70
234 276 35 41.99
235 63 85 27.98
235 118 84 47.24
235 211 65 32.38
235 237 86 45.60
235 250 109 2.58
236 173 22 5.09
237 0 37 45.32
237 63 110 9.67
237 118 117 15.90
237 219 5 10.86
237 250 93 35.92
239 11 112 10.10
239 252 17 15.26
239 278 37 28.62
240 24 104 19.44
240 97 49 14.81
240 184 95 24.34
240 202 89 45.55
241 39 9 30.50
241 62 62 37.57
241 253 15 32.86
242 37 69 12.80
242 47 86 5.00
243 15 62 29.33
243 73 56 22.86
243 84 114 45.40
243 208 57 42.25
244 123 41 20.79
244 196 107 46.96
245 103 77 37.01
246 29 29 26.07
246 63 123 8.88
246 115 24 21.79
246 118 77 41.04
246 219 106 21.67
246 235 108 9.63
246 250 73 49.91
247 99 68 1.24
248 28 13 25.51
248 126 76 3.76
248 146 82 38.31
248 159 102 32.47
248 189 118 5.60
248 216 91 49.21
249 18 45 15.37
249 279 61 2.39
250 115 22 20.55
250 219 61 47.33
251 105 60 36.90
252 11 22 49.24
252 52 58 32.60
252 112 12 32.12
252 156 17 49.97
253 79 58 45.52
255 26 15 3.42
255 50 66 42.95
255 223 30 38.45
255 224 53 36.09
256 18 111 38.57
258 44 124 39.87
258 79 127 25.98
258 174 23 2.21
258 270 79 49.54
259 136 2 29.40
260 53 110 24.21
260 91 80 32.70
260 143 18 18.73
261 83 49 34.79
261 157 69 18.01
261 173 121 40.29
261 236 12 40.87
262 24 46 43.80
262 134 120 31.42
262 137 106 2.16
262 184 97 38.37
262 240 66 44.50
263 122 79 4.14
263 199 62 38.42
263 271 72 47.18
264 9 49 6.06
264 170 77 29.66
264 279 122 21.13
265 19 117 43.57
265 20 11 4.81
265 176 103 23.86
265 232 41 32.49
265 260 105 23.11
266 20 17 17.82
266 260 16 47.26
266 265 80 14.21
267 149 112 19.44
267 168 127 40.47
268 153 103 19.40
268 214 74 34.08
269 213 24 48.00
270 192 97 13.38
270 256 23 11.42
271 1 127 10.40
271 41 92 17.38
271 64 89 12.84
271 115 88 5.57
271 167 25 20.79
271 212 103 25.34
271 221 84 26.10
271 259 29 32.34
272 227 81 4.28
273 130 112 19.14
273 178 80 34.85
274 36 74 39.37
276 36 50 14.41
276 210 61 43.51
276 218 18 6.19
276 220 66 39.16
276 274 75 46.68
277 92 72 6.81
277 281 45 37.98
278 92 30 37.13
278 277 96 23.38
279 17 67 5.04
280 29 13 8.90
280 247 68 28.16
281 70 38 36.16
281 228 3 44.45
281 239 2 34.77
281 278 46 46.21
282 87 104 17.72
282 154 73 7.12
282 256 95 3.52
282 270 34 24.26
283 113 53 48.12
283 183 36 40.54
284 107 30 18.64
284 109 13 0.89
284 181 68 16.04
284 202 23 26.26
284 240 74 40.71
285 113 102 49.92
285 125 79 36.69
285 273 18 4.85
286 177 120 24.25
286 179 127 21.34
287 219 91 15.27
288 80 25 25.78
288 98 44 41.96
288 298 114 33.21
289 34 98 3.54
289 153 51 42.22
289 166 27 0.10
289 268 62 6.08
290 26 53 0.33
290 50 51 18.93
291 53 8 18.31
291 83 37 25.55
291 133 13 46.67
291 157 68 28.47
292 172 42 35.41
292 178 97 42.98
293 24 41 39.87
293 234 87 40.19
294 39 113 5.96
294 97 44 46.81
294 181 10 48.21
294 202 100 44.63
294 203 118 19.15
294 240 59 36.20
295 69 43 39.82
295 257 41 33.18
296 249 101 1.51
297 26 72 22.74
297 135 22 41.29
297 223 7 37.65
297 255 46 12.21
298 35 39 42.66
298 42 87 10.09
298 56 31 48.56
298 117 91 36.10
299 50 8 18.62
299 195 22 29.03
299 223 79 20.21
